NAME	= WeightedSlope
DESCRIPTION	= 
UNIT	= 
DATAFORMAT	= FLOAT
DATAFILE_OFFSET	= 0
BYTEORDER_BIG	= FALSE
TOPTOBOTTOM	= FALSE
POSITION_XMIN	= 111.0556944444444412
POSITION_YMIN	= -8.2690277777777794
CELLCOUNT_X	= 455
CELLCOUNT_Y	= 462
CELLSIZE	= 0.0002777777777778
Z_FACTOR	= 1.000000
Z_OFFSET	= 0.000000
NODATA_VALUE	= -99999.000000;-99999.000000
