NAME	= WeightedVariable1Raster
DESCRIPTION	= 
UNIT	= 
DATAFORMAT	= FLOAT
DATAFILE_OFFSET	= 0
BYTEORDER_BIG	= FALSE
TOPTOBOTTOM	= FALSE
POSITION_XMIN	= 506898.1930999999749474
POSITION_YMIN	= 9088730.8306983578950167
CELLCOUNT_X	= 2525
CELLCOUNT_Y	= 2518
CELLSIZE	= 3.9995566732673398
Z_FACTOR	= 1.000000
Z_OFFSET	= 0.000000
NODATA_VALUE	= -99999.000000;-99999.000000
