NAME	= WeightedVariable2Raster
DESCRIPTION	= 
UNIT	= 
DATAFORMAT	= FLOAT
DATAFILE_OFFSET	= 0
BYTEORDER_BIG	= FALSE
TOPTOBOTTOM	= FALSE
POSITION_XMIN	= 12362689.9510999992489815
POSITION_YMIN	= -916433.9191000008722767
CELLCOUNT_X	= 2849
CELLCOUNT_Y	= 3157
CELLSIZE	= 3.9994142857148445
Z_FACTOR	= 1.000000
Z_OFFSET	= 0.000000
NODATA_VALUE	= -99999.000000;-99999.000000
