NAME	= WeightedRoads
DESCRIPTION	= 
UNIT	= 
DATAFORMAT	= FLOAT
DATAFILE_OFFSET	= 0
BYTEORDER_BIG	= FALSE
TOPTOBOTTOM	= FALSE
POSITION_XMIN	= 506282.1006717590498738
POSITION_YMIN	= 9088726.4761000014841557
CELLCOUNT_X	= 4409
CELLCOUNT_Y	= 3749
CELLSIZE	= 3.0002326753803312
Z_FACTOR	= 1.000000
Z_OFFSET	= 0.000000
NODATA_VALUE	= -99999.000000;-99999.000000
